REGEDIT4

[HKEY_CURRENT_USER\Control Panel\Desktop]
"FontSmoothing"="2"
"FontSmoothingOrientation"=dword:00000001
"FontSmoothingType"=dword:00000002
"FontSmoothingGamma"=dword:00000578

[HKEY_CURRENT_USER\Software\Microsoft\Windows\CurrentVersion\ThemeManager]
"ColorName"="NormalColor"
"DllName"="C:\\\\windows\\\\Resources\\\\Themes\\\\Windows_10\\\\Windows_10.msstyles"
"FlatMenu"=dword:00000000
"GradientCaption"=dword:00000001
"IconTitleFont"=hex:f5,ff,ff,ff,00,00,00,00,00,00,00,00,00,00,00,00,90,01,00,\
  00,00,00,00,00,00,00,00,22,54,00,61,00,68,00,6f,00,6d,00,61,00,00,00,00,00,\
  00,00,00,00,00,00,00,00,00,00,00,00,00,00,00,00,00,00,00,00,00,00,00,00,00,\
  00,00,00,00,00,00,00,00,00,00,00,00,00,00,00,00,00,00,00,00,00,00,00
"NonClientMetrics"=hex:f8,01,00,00,01,00,00,00,10,00,00,00,10,00,00,00,12,00,\
  00,00,12,00,00,00,f5,ff,ff,ff,00,00,00,00,00,00,00,00,00,00,00,00,bc,02,00,\
  00,00,00,00,00,00,00,00,22,54,00,61,00,68,00,6f,00,6d,00,61,00,00,00,00,00,\
  00,00,00,00,00,00,00,00,00,00,00,00,00,00,00,00,00,00,00,00,00,00,00,00,00,\
  00,00,00,00,00,00,00,00,00,00,00,00,00,00,00,00,00,00,00,00,00,00,00,0f,00,\
  00,00,0f,00,00,00,fa,ff,ff,ff,00,00,00,00,00,00,00,00,00,00,00,00,90,01,00,\
  00,00,00,00,00,00,00,00,22,54,00,61,00,68,00,6f,00,6d,00,61,00,00,00,00,00,\
  00,00,00,00,00,00,00,00,00,00,00,00,00,00,00,00,00,00,00,00,00,00,00,00,00,\
  00,00,00,00,00,00,00,00,00,00,00,00,00,00,00,00,00,00,00,00,00,00,00,12,00,\
  00,00,12,00,00,00,f5,ff,ff,ff,00,00,00,00,00,00,00,00,00,00,00,00,90,01,00,\
  00,00,00,00,00,00,00,00,22,54,00,61,00,68,00,6f,00,6d,00,61,00,00,00,00,00,\
  00,00,00,00,00,00,00,00,00,00,00,00,00,00,00,00,00,00,00,00,00,00,00,00,00,\
  00,00,00,00,00,00,00,00,00,00,00,00,00,00,00,00,00,00,00,00,00,00,00,f5,ff,\
  ff,ff,00,00,00,00,00,00,00,00,00,00,00,00,90,01,00,00,00,00,00,00,00,00,00,\
  22,54,00,61,00,68,00,6f,00,6d,00,61,00,00,00,00,00,00,00,00,00,00,00,00,00,\
  00,00,00,00,00,00,00,00,00,00,00,00,00,00,00,00,00,00,00,00,00,00,00,00,00,\
  00,00,00,00,00,00,00,00,00,00,00,00,00,00,00,f5,ff,ff,ff,00,00,00,00,00,00,\
  00,00,00,00,00,00,90,01,00,00,00,00,00,00,00,00,00,22,54,00,61,00,68,00,6f,\
  00,6d,00,61,00,00,00,00,00,00,00,00,00,00,00,00,00,00,00,00,00,00,00,00,00,\
  00,00,00,00,00,00,00,00,00,00,00,00,00,00,00,00,00,00,00,00,00,00,00,00,00,\
  00,00,00,00,00,00,00,00,00,00,00
"SizeName"="NormalSize"
"ThemeActive"="1"

[HKEY_CURRENT_USER\Software\Microsoft\Windows\CurrentVersion\ThemeManager\Control Panel\Colors]
"ActiveBorder"="212 208 200"
"ActiveTitle"="10 36 106"
"AppWorkSpace"="128 128 128"
"Background"="58 110 165"
"ButtonAlternateFace"="181 181 181"
"ButtonDkShadow"="64 64 64"
"ButtonFace"="212 208 200"
"ButtonHilight"="255 255 255"
"ButtonLight"="212 208 200"
"ButtonShadow"="128 128 128"
"ButtonText"="0 0 0"
"GradientActiveTitle"="166 202 240"
"GradientInactiveTitle"="192 192 192"
"GrayText"="128 128 128"
"Hilight"="10 36 106"
"HilightText"="255 255 255"
"HotTrackingColor"="0 0 200"
"InactiveBorder"="212 208 200"
"InactiveTitle"="128 128 128"
"InactiveTitleText"="212 208 200"
"InfoText"="0 0 0"
"InfoWindow"="255 255 225"
"Menu"="212 208 200"
"MenuBar"="212 208 200"
"MenuHilight"="10 36 106"
"MenuText"="0 0 0"
"Scrollbar"="212 208 200"
"TitleText"="255 255 255"
"Window"="255 255 255"
"WindowFrame"="0 0 0"
"WindowText"="0 0 0"

[HKEY_CURRENT_USER\Control Panel\Colors]
"ActiveBorder"="212 208 200"
"ActiveTitle"="115 188 238"
"AppWorkSpace"="128 128 128"
"Background"="0 0 0"
"ButtonAlternateFace"="181 181 181"
"ButtonDkShadow"="106 106 106"
"ButtonFace"="240 240 240"
"ButtonHilight"="255 255 255"
"ButtonLight"="227 227 227"
"ButtonShadow"="165 165 165"
"ButtonText"="0 0 0"
"GradientActiveTitle"="115 188 238"
"GradientInactiveTitle"="158 214 250"
"GrayText"="165 165 165"
"Hilight"="231 239 245"
"HilightText"="0 0 0"
"HotTrackingColor"="59 152 211"
"InactiveBorder"="212 208 200"
"InactiveTitle"="158 214 250"
"InactiveTitleText"="150 150 150"
"InfoText"="0 0 0"
"InfoWindow"="255 255 225"
"Menu"="255 255 255"
"MenuBar"="240 240 240"
"MenuHilight"="230 230 230"
"MenuText"="0 0 0"
"Scrollbar"="212 208 200"
"TitleText"="28 28 28"
"Window"="255 255 255"
"WindowFrame"="0 0 0"
"WindowText"="0 0 0"

[HKEY_CURRENT_USER\Control Panel\Desktop\WindowMetrics]
"BorderWidth"="1"
"CaptionFont"=hex:08,00,00,00,00,00,00,00,00,00,00,00,00,00,00,00,bc,02,00,00,\
  00,00,00,00,00,00,00,22,54,00,61,00,68,00,6f,00,6d,00,61,00,00,00,00,00,00,\
  00,00,00,00,00,00,00,00,00,00,00,00,00,00,00,00,00,00,00,00,00,00,00,00,00,\
  00,00,00,00,00,00,00,00,00,00,00,00,00,00,00,00,00,00,00,00,00,00
"IconFont"=hex:09,00,00,00,00,00,00,00,00,00,00,00,00,00,00,00,90,01,00,00,00,\
  00,00,01,00,00,00,00,53,00,65,00,67,00,6f,00,65,00,20,00,55,00,49,00,20,00,\
  53,00,65,00,6d,00,69,00,62,00,6f,00,6c,00,64,00,00,00,00,00,00,00,00,00,00,\
  00,00,00,00,00,00,00,00,00,00,00,00,00,00,00,00,00,00,00,00,00
"MenuFont"=hex:08,00,00,00,00,00,00,00,00,00,00,00,00,00,00,00,90,01,00,00,00,\
  00,00,00,00,00,00,22,54,00,61,00,68,00,6f,00,6d,00,61,00,00,00,00,00,00,00,\
  00,00,00,00,00,00,00,00,00,00,00,00,00,00,00,00,00,00,00,00,00,00,00,00,00,\
  00,00,00,00,00,00,00,00,00,00,00,00,00,00,00,00,00,00,00,00,00
"MessageFont"=hex:08,00,00,00,00,00,00,00,00,00,00,00,00,00,00,00,90,01,00,00,\
  00,00,00,00,00,00,00,22,54,00,61,00,68,00,6f,00,6d,00,61,00,00,00,00,00,00,\
  00,00,00,00,00,00,00,00,00,00,00,00,00,00,00,00,00,00,00,00,00,00,00,00,00,\
  00,00,00,00,00,00,00,00,00,00,00,00,00,00,00,00,00,00,00,00,00,00
"ScrollHeight"="-255"
"ScrollWidth"="-255"
"SmCaptionFont"=hex:05,00,00,00,00,00,00,00,00,00,00,00,00,00,00,00,90,01,00,\
  00,00,00,00,01,00,00,00,00,53,00,65,00,67,00,6f,00,65,00,20,00,55,00,49,00,\
  20,00,53,00,65,00,6d,00,69,00,62,00,6f,00,6c,00,64,00,00,00,00,00,00,00,00,\
  00,00,00,00,00,00,00,00,00,00,00,00,00,00,00,00,00,00,00,00,00,00,00
"SmCaptionHeight"="-300"
"SmCaptionWidth"="-300"
"StatusFont"=hex:08,00,00,00,00,00,00,00,00,00,00,00,00,00,00,00,90,01,00,00,\
  00,00,00,00,00,00,00,22,54,00,61,00,68,00,6f,00,6d,00,61,00,00,00,00,00,00,\
  00,00,00,00,00,00,00,00,00,00,00,00,00,00,00,00,00,00,00,00,00,00,00,00,00,\
  00,00,00,00,00,00,00,00,00,00,00,00,00,00,00,00,00,00,00,00,00,00

[HKEY_LOCAL_MACHINE\System\CurrentControlSet\Hardware Profiles\Current\Software\Fonts]
"LogPixels"=dword:00000078

[HKEY_CURRENT_USER\Software\Wine\Fonts]
"LogPixels"=dword:00000078

[HKEY_CURRENT_USER\Control Panel\Desktop]
"LogPixels"=dword:00000078

[HKEY_CURRENT_USER\Software\Microsoft\Windows\CurrentVersion\RunServices]
"winemenubuilder"="C:\\\\windows\\\\system32\\\\winemenubuilder.exe -r"

[HKEY_LOCAL_MACHINE\Software\Microsoft\Windows\CurrentVersion\RunServices]
"winemenubuilder"="C:\\\\windows\\\\system32\\\\winemenubuilder.exe -r"
